0.2 2 121.23 114.86 
0.2 3 121.11 111.13 
0.2 4 120.32 109.23 
0.2 5 121.94 109.07 
0.2 6 121.27 107.91 
0.2 7 121.57 108.76 
0.2 8 121.54 107.71 
0.3 2 120.98 114.09 
0.3 3 121.18 110.83 
0.3 4 121.5 109.29 
0.3 5 121.02 108.65 
0.3 6 120.52 108.23 
0.3 7 121.31 108.16 
0.3 8 120.78 107.55 
0.4 2 120.84 114.06 
0.4 3 120.94 110.81 
0.4 4 121.67 109.35 
0.4 5 121.44 108.41 
0.4 6 121.23 108.68 
0.4 7 120.66 107.79 
0.4 8 120.93 108.02 
0.5 2 119.81 114.07 
0.5 3 121.48 111.29 
0.5 4 121.44 110.0 
0.5 5 120.89 108.38 
0.5 6 120.28 107.78 
0.5 7 120.28 107.39 
0.5 8 120.93 107.73 
0.6 2 120.94 114.85 
0.6 3 121.55 111.15 
0.6 4 121.49 109.85 
0.6 5 120.86 108.57 
0.6 6 120.87 108.45 
0.6 7 120.69 108.38 
0.6 8 120.76 108.48 
0.7 2 121.09 114.4 
0.7 3 121.42 110.78 
0.7 4 121.07 109.92 
0.7 5 121.29 109.04 
0.7 6 120.97 109.1 
0.7 7 121.35 108.35 
0.7 8 121.63 108.77 
0.8 2 121.44 115.49 
0.8 3 121.5 112.23 
0.8 4 120.6 109.77 
0.8 5 120.94 109.28 
0.8 6 121.08 109.48 
0.8 7 121.12 109.13 
0.8 8 121.05 109.03 
0.9 2 121.14 114.79 
0.9 3 121.36 111.08 
0.9 4 120.61 109.24 
0.9 5 121.07 110.09 
0.9 6 120.55 109.15 
0.9 7 121.01 109.21 
0.9 8 121.84 109.8 
